Karmarkar Karp
62370
68009
987792
89950
525559
77947
720268
251154
747751
64990
133837
21001
688750
900549
258513
453304
452172
51101
57203
205514
31631
170700
141701
304445
21092
193683
340483
6815
115747
88033
16500
57889
13707
94404
9096
69413
122610
2807
70423
27307
151002
539726
39572
119425
22173
29050
187078
116168
21307
76188

Standard Solution Repeated Random
296405992
65108289
91665378
139699972
201182293
387820383
43326140
68318830
361581111
158335910
104699139
27429177
179688914
175478587
755391119
90180586
387656926
257292775
165883473
261183154
271420231
428438916
653592595
218484567
105295278
172516787
288070677
404901843
98030339
420753901
86366440
939394947
334858063
164560648
339211592
457063471
124197786
377599545
51978747
81033931
131792092
693687694
342377990
508769
16112273
444101708
270888742
500572054
171297705
28148998

Standard Solution Hill Climbing
780909614
283480383
452551506
35640166
435548653
421493147
361526854
520480418
580663575
618083262
699928321
108971341
46114728
223360621
61381143
303287530
22908934
14554469
57511837
215257612
148737379
577505604
67948313
505146851
18694350
268042541
143016793
445205029
1403793757
105481511
470144322
465468521
726422885
419269592
346350548
63462763
595008710
1277906515
582028943
577341939
775959396
205984260
424126734
212609545
86245685
208561248
1011457830
162383166
87241381
8056392

Standard Solution Simulated Annealing
86840028
121248535
15443704
36836022
486715607
587974455
1215303270
692041300
188210631
485746572
395904425
39733829
149764732
458500637
399182121
28253402
285200480
642787641
79982805
3417482
138619427
418702182
35236331
127418901
590806972
241357415
64407861
301141447
65430469
300642541
115396546
769360053
630071633
94429000
282224832
101478763
79260442
79742201
137352897
187239953
12164740
158310930
7554288
1170803
149558139
61041816
275530300
491697644
638947227
400809694

Prepartitioning Repeated Random
170
53
100
708
3
189
378
90
103
28
79
139
40
55
135
356
84
147
7
58
137
460
243
19
4
337
25
15
41
461
366
107
309
52
96
101
170
313
1107
27
338
12
358
431
25
344
154
4
183
70

Prepartitioning Hill Climbing
52
99
350
3074
223
1305
176
518
327
588
141
427
486
161
1189
342
1348
253
205
44
1623
1340
797
663
618
1517
307
1095
87
33
882
451
221
134
1492
749
136
393
1843
213
964
154
16
69
31
1062
98
170
2261
644

Prepartitioning Simulated Annealing
358
7
2
102
291
33
228
128
197
34
323
163
16
93
75
12
1242
79
13
610
69
60
1011
253
20
37
15
73
233
275
170
29
363
200
70
745
2
51
13
19
74
46
226
567
61
138
444
278
39
318
Karmakar Karp Times
-7
-1
-1
0
-2
0
-1
0
0
0
0
0
0
-1
0
0
0
0
0
-1
0
0
0
0
0
0
-1
0
0
0
0
0
-1
0
0
0
0
0
-1
0
0
0
0
0
0
-1
0
0
0
-1
Standard Repeated Random Times
-308
-201
-259
-341
-200
-206
-208
-213
-215
-199
-198
-186
-191
-188
-185
-191
-207
-205
-200
-199
-194
-197
-207
-205
-218
-205
-218
-205
-199
-203
-193
-206
-218
-198
-189
-184
-197
-195
-215
-217
-209
-202
-206
-198
-196
-189
-195
-192
-187
-201
Standard Hill Climbing Times
-44
-12
-14
-11
-11
-10
-12
-12
-13
-12
-10
-10
-10
-10
-10
-11
-11
-12
-15
-13
-11
-12
-11
-13
-15
-13
-10
-11
-12
-11
-11
-11
-10
-10
-10
-10
-14
-12
-10
-11
-12
-11
-11
-14
-10
-12
-15
-11
-10
-11
Standard Simulated Annealing Times
-27
-24
-27
-30
-30
-30
-23
-21
-20
-20
-21
-21
-21
-22
-22
-23
-22
-23
-21
-20
-26
-26
-22
-24
-22
-21
-22
-23
-27
-21
-21
-23
-25
-23
-22
-22
-22
-23
-25
-24
-20
-23
-21
-26
-21
-28
-25
-21
-20
-21
Prepartitioning Repeated Random Times
-627
-593
-575
-550
-524
-553
-540
-528
-500
-512
-524
-499
-506
-544
-558
-548
-525
-521
-556
-595
-551
-545
-551
-541
-513
-551
-543
-505
-568
-543
-533
-567
-520
-528
-566
-537
-541
-532
-521
-562
-574
-539
-554
-590
-565
-525
-508
-513
-589
-587
Prepartitioning Hill Climbing Times
-306
-335
-299
-303
-305
-293
-305
-288
-300
-298
-296
-299
-281
-288
-283
-295
-293
-310
-287
-284
-279
-264
-290
-290
-289
-297
-299
-276
-316
-286
-316
-283
-294
-315
-320
-295
-300
-298
-290
-293
-274
-313
-317
-313
-318
-348
-326
-295
-277
-282
Prepartitioning Simulated Annealing Times
-321
-344
-323
-305
-305
-308
-301
-291
-301
-296
-321
-316
-299
-289
-306
-320
-335
-321
-299
-307
-296
-295
-293
-312
-318
-312
-324
-323
-334
-317
-322
-346
-318
-329
-344
-322
-314
-317
-306
-301
-293
-323
-338
-320
-291
-297
-298
-302
-300
-295

Process finished with exit code 0
